1763412783699 0.6974808573722839 0
1763412783714 0.5655198097229004 1
1763412783727 0.5237261056900024 2
1763412783741 0.50083327293396 3
1763412783753 0.47735053300857544 4
1763412783766 0.4582345485687256 5
1763412783778 0.4409426748752594 6
1763412783790 0.4210701882839203 7
1763412783802 0.40374040603637695 8
1763412783814 0.3903510570526123 9
1763412783826 0.37645283341407776 10
1763412783837 0.36485522985458374 11
1763412783849 0.35914117097854614 12
1763412783860 0.34859344363212585 13
1763412783871 0.3418441414833069 14
1763412783883 0.33658677339553833 15
1763412783894 0.3355231285095215 16
1763412783905 0.3269827365875244 17
1763412783916 0.3229677975177765 18
1763412783927 0.3166797161102295 19
1763412783938 0.31389597058296204 20
1763412783948 0.31121212244033813 21
1763412783959 0.30802902579307556 22
1763412783969 0.30199941992759705 23
1763412783980 0.2986982464790344 24
1763412783990 0.2940828204154968 25
1763412784001 0.29365286231040955 26
1763412784011 0.287958025932312 27
1763412784021 0.2831357419490814 28
1763412784031 0.2802029252052307 29
